1.0 0.7446901579849537 0.7195497252352894 0.8183413645502113 0.6925186959157027 0.7009694964829811 -0.07005724234969343 0.5300264919420357 -0.2387252386266066 0.39455712351138705 
0.7446901579849537 1.0 0.9627938578487948 0.772040944728389 0.8279246869092989 0.7752128005445926 -0.12226349053906288 0.5518039122604367 -0.2803280217046929 0.4513370843189399 
0.7195497252352894 0.9627938578487948 1.0 0.7545057074167786 0.8042286035663732 0.75033314330447 -0.14387122452698659 0.5255827700528385 -0.2818188454188753 0.477693981813693 
0.8183413645502113 0.772040944728389 0.7545057074167786 1.0 0.7069090212036723 0.6815037655773692 -0.06022819583461522 0.5086025845171492 -0.12665111898573755 0.5597045481796382 
0.6925186959157027 0.8279246869092989 0.8042286035663732 0.7069090212036723 1.0 0.8416170177234567 -0.09793442775667413 0.5276143948191433 -0.2596507686555732 0.3639910217803474 
0.7009694964829811 0.7752128005445926 0.75033314330447 0.6815037655773692 0.8416170177234567 1.0 -0.09812613898171631 0.5436260857308657 -0.20222798789643961 0.3677421727399877 
-0.07005724234969343 -0.12226349053906288 -0.14387122452698659 -0.06022819583461522 -0.09793442775667413 -0.09812613898171631 1.0 -0.042854018523366476 0.43327034142004717 0.051479455166155486 
0.5300264919420357 0.5518039122604367 0.5255827700528385 0.5086025845171492 0.5276143948191433 0.5436260857308657 -0.042854018523366476 1.0 -0.13572829621901394 0.3173208450968926 
-0.2387252386266066 -0.2803280217046929 -0.2818188454188753 -0.12665111898573755 -0.2596507686555732 -0.20222798789643961 0.43327034142004717 -0.13572829621901394 1.0 0.011110325923725892 
0.39455712351138705 0.4513370843189399 0.477693981813693 0.5597045481796382 0.3639910217803474 0.3677421727399877 0.051479455166155486 0.3173208450968926 0.011110325923725892 1.0 
